5.249999999999999112e+00 1.349700000000000122e+00
1.349700000000000122e+00 1.350000000000000089e+00
1.349700000000000122e+00 1.065000000000000036e+01
1.094969999999999999e+01 1.065029999999999966e+01
1.094969999999999999e+01 1.094969999999999999e+01
1.349700000000000122e+00 1.094999999999999929e+01
1.349700000000000122e+00 2.025000000000000000e+01
6.149699999999999278e+00 2.025029999999999930e+01
6.149699999999999278e+00 2.054970000000000141e+01
1.349700000000000122e+00 2.055000000000000071e+01
1.349700000000000122e+00 2.985000000000000142e+01
2.505000000000000071e+01 2.985030000000000072e+01
2.505000000000000071e+01 2.534970000000000212e+01
5.850299999999999834e+00 2.534970000000000212e+01
5.850299999999999834e+00 2.505030000000000001e+01
1.065029999999999966e+01 2.505000000000000071e+01
1.065029999999999966e+01 1.574999999999999822e+01
5.850299999999999834e+00 1.574969999999999892e+01
5.850299999999999834e+00 1.545029999999999859e+01
1.094969999999999999e+01 1.545029999999999859e+01
1.094999999999999929e+01 2.505030000000000001e+01
1.545029999999999859e+01 2.505000000000000071e+01
1.545029999999999859e+01 2.025029999999999930e+01
1.574969999999999892e+01 2.025029999999999930e+01
1.574999999999999822e+01 2.505030000000000001e+01
2.025029999999999930e+01 2.505000000000000071e+01
2.025029999999999930e+01 1.545029999999999859e+01
2.054970000000000141e+01 1.545029999999999859e+01
2.054970000000000141e+01 2.505000000000000071e+01
2.534970000000000212e+01 2.505030000000000001e+01
2.534970000000000212e+01 2.985000000000000142e+01
2.985000000000000142e+01 2.985030000000000072e+01
2.985030000000000072e+01 2.055000000000000071e+01
2.505030000000000001e+01 2.054970000000000141e+01
2.505030000000000001e+01 2.025029999999999930e+01
2.985000000000000142e+01 2.025029999999999930e+01
2.985030000000000072e+01 1.574999999999999822e+01
2.505030000000000001e+01 1.574969999999999892e+01
2.505030000000000001e+01 1.545029999999999859e+01
2.985000000000000142e+01 1.545029999999999859e+01
2.985030000000000072e+01 1.094999999999999929e+01
2.505030000000000001e+01 1.094969999999999999e+01
2.505030000000000001e+01 1.065029999999999966e+01
2.985030000000000072e+01 1.065000000000000036e+01
2.985030000000000072e+01 1.350000000000000089e+00
2.055000000000000071e+01 1.349700000000000122e+00
2.054970000000000141e+01 5.849999999999999645e+00
2.534970000000000212e+01 5.850299999999999834e+00
2.534970000000000212e+01 6.149699999999999278e+00
2.055000000000000071e+01 6.149699999999999278e+00
2.054970000000000141e+01 1.094969999999999999e+01
1.574999999999999822e+01 1.094969999999999999e+01
1.574969999999999892e+01 1.574969999999999892e+01
1.545029999999999859e+01 1.574969999999999892e+01
1.545029999999999859e+01 1.065029999999999966e+01
2.025029999999999930e+01 1.065000000000000036e+01
2.025000000000000000e+01 6.149699999999999278e+00
1.545029999999999859e+01 6.149699999999999278e+00
1.545029999999999859e+01 5.850299999999999834e+00
2.025000000000000000e+01 5.850299999999999834e+00
2.025029999999999930e+01 1.350000000000000089e+00
1.094999999999999929e+01 1.349700000000000122e+00
1.094969999999999999e+01 6.149699999999999278e+00
1.065029999999999966e+01 6.149699999999999278e+00
1.065029999999999966e+01 1.350000000000000089e+00
6.149999999999999467e+00 1.349700000000000122e+00
6.149699999999999278e+00 6.149699999999999278e+00
5.850299999999999834e+00 6.149699999999999278e+00
5.850299999999999834e+00 1.350000000000000089e+00
5.249999999999999112e+00 1.349700000000000122e+00
